8.758815232722143296e-03
8.975511121096383174e-03
8.969062700817039685e-03
9.096942958653807601e-03
9.339784659540930831e-03
9.366270471599933908e-03
9.418637343413201191e-03
9.572019532829460428e-03
9.772661076449036532e-03
9.933923339113795090e-03
9.949631359953281171e-03
1.022112027526185345e-02
1.023394921296394769e-02
1.054565342383149452e-02
1.076552547495980214e-02
1.074941895032700823e-02
1.063363369258655752e-02
1.039227819918214259e-02
1.051980970694369952e-02
1.085854395958925529e-02
1.074327262186578966e-02
1.076470831780731129e-02
1.101814410404018153e-02
1.056572285556420070e-02
1.035656810045651986e-02
1.004746281361283168e-02
9.921972834986993867e-03
9.776283735625458313e-03
9.692388096733834182e-03
9.418466848244173156e-03
9.284772057063404513e-03
9.382098132625782058e-03
9.484291641967991515e-03
9.413574042057013327e-03
9.222092883233652325e-03
8.934498644851183655e-03
8.824978721498006121e-03
8.606796282961286237e-03
8.313092265061064468e-03
8.180750024478605428e-03
8.137463420892901422e-03
8.206919891702500053e-03
8.028161245192380960e-03
8.009084331537904416e-03
7.985309809176405899e-03
7.640278731392342003e-03
7.411847260394129056e-03
7.432275187292344300e-03
7.491549167098090697e-03
7.733316802529212851e-03
7.533144262071640729e-03
7.260732973345947888e-03
7.399397871348004432e-03
7.438388150588082573e-03
7.598724798865494866e-03
7.707807691641503298e-03
7.557794902193242480e-03
7.333752174753527427e-03
7.082084792471448481e-03
6.947814602082501984e-03
6.966041332263243034e-03
6.866764085918608193e-03
7.016257995735607385e-03
7.139110472284855916e-03
7.335757843937111208e-03
7.033819100695766144e-03
7.033140156417037533e-03
7.193209610128039125e-03
7.345504477435643199e-03
7.421933926685775340e-03
7.328996557003739087e-03
7.140910329790133883e-03
7.105968236710286622e-03
6.971516599597584775e-03
6.963470319634703504e-03
7.182240893037122008e-03
7.059317511831136351e-03
6.971508142468329193e-03
6.670372429127293529e-03
6.241376436488902182e-03
6.350481546304001003e-03
6.172468987595037399e-03
6.025867136978248044e-03
6.163108921729611514e-03
6.277801283004196854e-03
6.216298947467564784e-03
6.130595950955232062e-03
5.794015326903792680e-03
6.080958431657288062e-03
6.287750581307357221e-03
6.275638718963656021e-03
5.962418694290531895e-03
5.691830274299437484e-03
5.331205107741420271e-03
5.409105327300956292e-03
5.085700207651426726e-03
4.967654636786594975e-03
5.124741776577148439e-03
5.315126050420168786e-03
5.353620738236122313e-03
5.135099396129941957e-03
4.937246216315984391e-03
4.999268399746378648e-03
4.947649866313501114e-03
4.815701790920449282e-03
4.429039091084151572e-03
4.375233873521199891e-03
4.597032295606633817e-03
4.787315139502972862e-03
5.281345765143117925e-03
5.572563723298132321e-03
5.454813504349107812e-03
6.136408051592729535e-03
5.727192062595788669e-03
5.236033807462378391e-03
5.014787193005015332e-03
4.755688176053711642e-03
4.649782350613375879e-03
4.904051172707889206e-03
4.335919671382930732e-03
4.150105213935001078e-03
4.064554692169754409e-03
4.056668538975223212e-03
4.272363150867823818e-03
4.369582070618084624e-03
4.363198675994884625e-03
4.597886585464224657e-03
4.671748217359232916e-03
4.311416963767515653e-03
4.006137061029662119e-03
3.587122231190027939e-03
3.450205147333084560e-03
3.306428085189146680e-03
3.689280590284894825e-03
4.189359028068705484e-03
4.380809915589272199e-03
5.170282117567719452e-03
5.788376939106274974e-03
5.847953216374268681e-03
6.243114212265882951e-03
5.853780047328434842e-03
5.794910556815318151e-03
6.092254134029591317e-03
6.838905775075987924e-03
7.349149045899948038e-03
7.083825265643447534e-03
8.665966386554622286e-03
9.000900090009001167e-03
9.054325955734406767e-03
8.778258778258779191e-03
8.375209380234505119e-03
9.794553272814142050e-03
1.099791618430192089e-02
9.859772129710779598e-03
1.012793176972281474e-02
9.749589490968801550e-03
9.731670445956160445e-03
1.002039549525583079e-02
9.919457397202204735e-03
1.015689512799339451e-02
1.080100914538000695e-02
1.134521880064829832e-02
1.111273578008480784e-02
1.083505866114561726e-02
1.099401509237574702e-02
1.070345851636453696e-02
1.037775010377750030e-02
1.102490812576561834e-02
1.065929727595736273e-02
1.167399685073573432e-02
1.163983181212183485e-02
1.140873015873015810e-02
1.153324287652645816e-02
1.166866746698679534e-02
1.111582120484197640e-02
1.193163495646565667e-02
1.215324839613264769e-02
1.165481189476390289e-02
1.082126398946675443e-02
1.067715650463613337e-02
1.063452676355902161e-02
1.095031728834545796e-02
1.071524243236003128e-02
1.001175622890515364e-02
9.528658713994763232e-03
9.840011326631743424e-03
9.942828734775043670e-03
1.024179072959560677e-02
1.027849156191402123e-02
1.039024220731834397e-02
1.054232484186512671e-02
1.058697400160814837e-02
1.061685257357882113e-02
1.104095620758348273e-02
1.087141158484796963e-02
1.036091670097433887e-02
9.956504009786596582e-03
9.860395771211710042e-03
9.298000929800093531e-03
9.121363892666423806e-03
8.837915331421825754e-03
8.814589665653495276e-03
9.057225195553726335e-03
8.778930566640063757e-03
8.579069848216457073e-03
8.129251700680273016e-03
8.094666438003772502e-03
7.855758582502769122e-03
8.213041314086609937e-03
7.771371270995236676e-03
8.157077889265862761e-03
8.508162745882267078e-03
8.394919997129941802e-03
8.527159911462679071e-03
8.655727833810024710e-03
8.297455968688844871e-03
8.845643520566119980e-03
8.211119735283304091e-03
7.652318569349136380e-03
7.374329140890655693e-03
6.896263479060436852e-03
7.149317369395754088e-03
7.370678102385419886e-03
7.239072665628150730e-03
7.336791438852282264e-03
7.546448870420786534e-03
7.350169619298906575e-03
7.364266461301501726e-03
7.063270990847592308e-03
6.778632132739781553e-03
6.772949880170887026e-03
7.057949479940564715e-03
6.897666648703992646e-03
6.696428571428571057e-03
6.915036183328865382e-03
6.997313031795790624e-03
7.318619258917765866e-03
7.887817703768623331e-03
8.495511236970535937e-03
8.801341156747695404e-03
8.649093904448105011e-03
8.784859383291078461e-03
9.102504638218923000e-03
9.371522286651438882e-03
8.771416876206068400e-03
9.310445155659005309e-03
9.358211541794234437e-03
9.527502354179361380e-03
9.216589861751152066e-03
9.177820267686424838e-03
9.144171275255982487e-03
9.889283026980543248e-03
9.551955248298063528e-03
9.596431165058615098e-03
9.430667132378623904e-03
9.931245225362872464e-03
9.951421968589349576e-03
1.032136992728125736e-02
1.015182001097494034e-02
1.080545675566160942e-02
1.079760053321484128e-02
1.036797824424237104e-02
1.056045235323465822e-02
1.118985453189108407e-02
1.111427757195782191e-02
1.130699088145896598e-02
1.064379046030422202e-02
1.069372086646558882e-02
1.091686674669867935e-02
1.018351925152932713e-02
1.034482758620689641e-02
1.048364551299971886e-02
1.078752369464070285e-02
1.119327731092436932e-02
1.127733026467203636e-02
1.093537037624013435e-02
1.131172503806830536e-02
1.178903187976421824e-02
1.176004630899064700e-02
1.173426405102900513e-02
1.163341424427209898e-02
1.168412570507655103e-02
1.123939351787453002e-02
1.109623110770996748e-02
1.080683797909407634e-02
1.086663430944291575e-02
1.034619976124154413e-02
1.092220233708811501e-02
1.059240919880548304e-02
1.042451340121011878e-02
1.045926761622714175e-02
1.082144613871126489e-02
1.062461934086756515e-02
1.070932769220598983e-02
1.070500076464291246e-02
1.092173467864075535e-02
1.118030293688472218e-02
1.072974212720129335e-02
1.088677364501690684e-02
1.131098391932406667e-02
1.154698581560283620e-02
1.129883843717001055e-02
1.113124514625938449e-02
1.113124514625938449e-02
1.113124514625938449e-02
1.113124514625938449e-02
1.113124514625938449e-02
1.113124514625938449e-02
1.113124514625938449e-02
1.113124514625938449e-02
1.113124514625938449e-02
1.113124514625938449e-02
1.113124514625938449e-02
1.113124514625938449e-02
1.113124514625938449e-02
1.113124514625938449e-02
1.113124514625938449e-02
1.113124514625938449e-02
1.113124514625938449e-02
1.113124514625938449e-02
1.113124514625938449e-02
1.113124514625938449e-02
1.113124514625938449e-02
1.113124514625938449e-02
1.113124514625938449e-02
1.113124514625938449e-02
1.113124514625938449e-02
1.113124514625938449e-02
1.113124514625938449e-02
1.113124514625938449e-02
1.113124514625938449e-02
1.113124514625938449e-02
1.113124514625938449e-02
1.113124514625938449e-02
1.113124514625938449e-02
1.113124514625938449e-02
1.113124514625938449e-02
1.113124514625938449e-02
1.113124514625938449e-02
1.113124514625938449e-02
1.113124514625938449e-02
1.113124514625938449e-02
1.113124514625938449e-02
1.113124514625938449e-02
1.113124514625938449e-02
1.113124514625938449e-02
1.113124514625938449e-02
1.113124514625938449e-02
1.113124514625938449e-02
1.113124514625938449e-02
1.113124514625938449e-02
1.113124514625938449e-02
1.113124514625938449e-02
1.113124514625938449e-02
1.113124514625938449e-02
1.113124514625938449e-02
1.113124514625938449e-02
1.113124514625938449e-02
1.113124514625938449e-02
1.113124514625938449e-02
1.113124514625938449e-02
1.113124514625938449e-02
1.113124514625938449e-02
1.113124514625938449e-02
1.113124514625938449e-02
1.113124514625938449e-02
1.113124514625938449e-02
1.113124514625938449e-02
1.113124514625938449e-02
1.113124514625938449e-02
1.113124514625938449e-02
1.113124514625938449e-02
1.113124514625938449e-02
1.113124514625938449e-02
1.113124514625938449e-02
1.113124514625938449e-02
1.113124514625938449e-02
1.113124514625938449e-02
1.113124514625938449e-02
1.113124514625938449e-02
1.113124514625938449e-02
1.113124514625938449e-02
1.113124514625938449e-02
1.113124514625938449e-02
1.113124514625938449e-02
1.113124514625938449e-02
1.113124514625938449e-02
1.113124514625938449e-02
1.113124514625938449e-02
1.113124514625938449e-02
1.113124514625938449e-02
1.113124514625938449e-02
1.113124514625938449e-02
