3.115026313541177736e-03
3.154865125705987906e-03
3.186146355935903091e-03
3.207164921675401993e-03
3.255502743972096564e-03
3.311044057865137995e-03
3.377496151985394986e-03
3.443003431225555300e-03
3.496203118937449110e-03
3.545071144174358983e-03
3.601673524455734163e-03
3.647126276766981395e-03
3.687251590015089200e-03
3.718452307484037926e-03
3.739941714932012995e-03
3.759752661762069941e-03
3.778655555341040636e-03
3.786273065267919263e-03
3.792313398686419229e-03
3.785889787919771710e-03
3.776454878699568671e-03
3.762165743380560274e-03
3.741436506317692527e-03
3.714601618520052117e-03
3.679443133337189937e-03
3.630308674169274719e-03
3.580772824287221674e-03
3.535978614281045686e-03
3.499088550179679184e-03
3.460877029061654783e-03
3.419162384979772349e-03
3.384907682915776379e-03
3.359601106858931246e-03
3.339742817352071586e-03
3.311607930639437307e-03
3.279811632880737932e-03
3.251053185420279667e-03
3.226814707423793314e-03
3.188126230628073824e-03
3.151404235977314523e-03
3.106124139403718641e-03
3.045231774903745577e-03
2.979426269278758008e-03
2.908104136256735393e-03
2.838164843245485382e-03
2.788051701576901333e-03
2.733827327443275491e-03
2.679092820693757850e-03
2.634796724626399696e-03
2.584547915967007510e-03
2.533770781727173738e-03
2.486003243064883409e-03
2.435992481687892369e-03
2.388631889751400596e-03
2.352974352773355964e-03
2.323577653412979387e-03
2.313579078809715334e-03
2.314593726683830937e-03
2.312788211959221091e-03
2.314337811527438643e-03
2.318184105977369718e-03
2.318911040282131252e-03
2.317935089109306006e-03
2.305809039825270496e-03
2.285868818631750423e-03
2.266062136354014996e-03
2.240865879372829200e-03
2.220549115238369241e-03
2.193944342646843380e-03
2.164035565476905669e-03
2.133787493854934648e-03
2.107148755273397737e-03
2.076972284917365155e-03
2.044908296451394044e-03
2.001604575851613065e-03
1.962844115048863278e-03
1.926982140226590800e-03
1.891160819860383379e-03
1.853406988323244575e-03
1.823009183898739770e-03
1.791761686362982079e-03
1.766532287674652674e-03
1.738544941287209922e-03
1.702421165078914266e-03
1.663487230303580195e-03
1.623773633032583831e-03
1.583711922251001495e-03
1.543525899716009396e-03
1.504506962991864925e-03
1.468955883521314790e-03
1.431838103685856723e-03
1.402527239564567386e-03
1.379466137703960196e-03
1.355706526350486125e-03
1.337806853344300365e-03
1.324891120386196804e-03
1.309092835117879996e-03
1.303307446707906202e-03
1.296341447743891559e-03
1.286578180188331947e-03
1.282134476697371558e-03
1.281923231373632410e-03
1.279353378218401260e-03
1.286618176807254824e-03
1.289643685522246213e-03
1.290619167074390792e-03
1.298580664992772787e-03
1.303301399450325663e-03
1.298110923775507800e-03
1.290568462242663167e-03
1.276713597925465066e-03
1.264089113221527781e-03
1.251771663561570538e-03
1.227695876144074610e-03
1.199194001590294734e-03
1.182359128870946697e-03
1.169332041046107409e-03
1.154392906424250723e-03
1.144277649028182511e-03
1.135505144927568405e-03
1.141592576488788214e-03
1.152942133580060974e-03
1.166349182560560320e-03
1.176531872321176422e-03
1.194219460761223499e-03
1.211528820187334626e-03
1.229636264050228828e-03
1.242348742204030980e-03
1.261679641619139038e-03
1.275960509558226371e-03
1.301642959007398006e-03
1.339800693993984607e-03
1.391381835696886169e-03
1.460725369128544745e-03
1.535190581744823183e-03
1.608656503081188011e-03
1.688622722978345026e-03
1.783733464518043625e-03
1.870310811770233743e-03
1.953509076795502657e-03
2.036152965453658266e-03
2.127901839374142859e-03
2.243496836383105774e-03
2.375024665653480572e-03
2.500019607023076795e-03
2.631536173217729081e-03
2.777288855295319530e-03
2.916719590248432505e-03
3.045403089541140040e-03
3.147130263837876179e-03
3.209683146152685941e-03
3.244230753742782022e-03
3.257915167662464324e-03
3.238334474774841234e-03
3.215040481697528391e-03
3.173920643054388598e-03
3.110940242122355124e-03
3.055250705001048232e-03
3.011561161722753951e-03
2.973175834704423846e-03
2.950034900429937459e-03
2.927400402222547944e-03
2.913372923886302975e-03
2.909057155936100886e-03
2.914249279301311078e-03
2.909108041102679947e-03
2.903947205347523312e-03
2.889137448609114655e-03
2.868465791778958100e-03
2.847629778139774363e-03
2.832737458864525906e-03
2.816498965518702494e-03
2.805648824091373263e-03
2.803137301181154051e-03
2.807586693869275774e-03
2.805858835698019083e-03
2.814775755415964420e-03
2.818862204031651920e-03
2.815380564996162842e-03
2.815090074784441353e-03
2.802601830208955019e-03
2.790785731753782622e-03
2.788490928318659596e-03
2.775204474086871188e-03
2.770223910813058264e-03
2.762120895599326324e-03
2.746490391281445047e-03
2.731681733813384316e-03
2.704491317817369483e-03
2.674759007473848874e-03
2.646765064120228800e-03
2.607686964101440293e-03
2.581866034155752814e-03
2.563241405306296728e-03
2.548492385699448800e-03
2.530848612475608463e-03
2.509705216167164559e-03
2.487188045835777434e-03
2.476843315150064305e-03
2.464720500653924239e-03
2.445093320657954795e-03
2.418665268126267680e-03
2.401001228988782626e-03
2.386130693499001910e-03
2.373175990636226633e-03
2.357916734971333191e-03
2.329225330691709998e-03
2.305184255398194833e-03
2.281891634457665526e-03
2.254159237343497223e-03
2.219541211812641000e-03
2.183149295591275962e-03
2.140069937764619949e-03
2.111861644384358840e-03
2.080017878049990766e-03
2.051839095157978899e-03
2.018051550218647860e-03
1.994166963615291634e-03
1.978158532471599625e-03
1.972836925967472784e-03
1.958182899814207237e-03
1.951270306992609459e-03
1.944976149335343307e-03
1.948223627685641973e-03
1.938933615029935290e-03
1.920262691581238511e-03
1.895266539682745810e-03
1.873277766453672680e-03
1.849681169678097032e-03
1.835180951079177277e-03
1.817169860267516934e-03
1.816524012283055132e-03
1.831240787094295160e-03
1.855452049804957740e-03
1.898605143117930742e-03
1.960161208156479661e-03
2.029243005616741900e-03
2.121977423577094991e-03
2.232562930148903647e-03
2.344934679440365856e-03
2.463973538405690202e-03
2.579391463930238732e-03
2.677975988773037812e-03
2.780691814470223535e-03
2.877803856085239115e-03
2.946261313279819553e-03
3.015635567368302964e-03
3.076518287210104532e-03
3.111717719059222710e-03
3.155979426324204400e-03
3.178608107141496931e-03
3.202455275715195785e-03
3.238818696825625926e-03
3.258909611360542857e-03
3.265299327525916263e-03
3.297194322675400975e-03
3.305266533636783046e-03
3.311458798499843700e-03
3.289301664331489242e-03
3.260002081301366372e-03
3.237421318826465104e-03
3.214870464200590607e-03
3.178269536371014937e-03
3.158815589251475452e-03
3.143975182748427744e-03
3.150525568971030387e-03
3.150440094156569705e-03
3.136465086923194510e-03
3.122052207632339434e-03
3.102742454554565342e-03
3.066109550577459080e-03
3.022142567729718503e-03
2.972926863115919315e-03
2.926689918284521019e-03
2.883493297922200792e-03
2.834415743077202919e-03
2.785340879181491796e-03
2.739909089041641255e-03
2.694927153822827045e-03
2.649643280749204403e-03
2.597807758223772984e-03
2.547969761365475195e-03
2.503647066565602760e-03
2.466277333842900599e-03
2.434491430920363193e-03
2.405773794297753811e-03
2.374481685414644213e-03
2.347445332334226198e-03
2.317424052189726719e-03
2.293407463857827927e-03
2.260852411621551341e-03
2.225965028275743614e-03
2.193412650826780542e-03
2.154100825977552352e-03
2.107691288460988681e-03
2.061837732260055501e-03
2.019434701296672716e-03
1.997164538059053099e-03
1.977124600721984551e-03
1.955942364384005185e-03
1.955942364384005185e-03
1.955942364384005185e-03
1.955942364384005185e-03
1.955942364384005185e-03
1.955942364384005185e-03
1.955942364384005185e-03
1.955942364384005185e-03
1.955942364384005185e-03
1.955942364384005185e-03
1.955942364384005185e-03
1.955942364384005185e-03
1.955942364384005185e-03
1.955942364384005185e-03
1.955942364384005185e-03
1.955942364384005185e-03
1.955942364384005185e-03
1.955942364384005185e-03
1.955942364384005185e-03
1.955942364384005185e-03
1.955942364384005185e-03
1.955942364384005185e-03
1.955942364384005185e-03
1.955942364384005185e-03
1.955942364384005185e-03
1.955942364384005185e-03
1.955942364384005185e-03
1.955942364384005185e-03
1.955942364384005185e-03
1.955942364384005185e-03
1.955942364384005185e-03
1.955942364384005185e-03
1.955942364384005185e-03
1.955942364384005185e-03
1.955942364384005185e-03
1.955942364384005185e-03
1.955942364384005185e-03
1.955942364384005185e-03
1.955942364384005185e-03
1.955942364384005185e-03
1.955942364384005185e-03
1.955942364384005185e-03
1.955942364384005185e-03
1.955942364384005185e-03
1.955942364384005185e-03
1.955942364384005185e-03
1.955942364384005185e-03
1.955942364384005185e-03
1.955942364384005185e-03
1.955942364384005185e-03
1.955942364384005185e-03
1.955942364384005185e-03
1.955942364384005185e-03
1.955942364384005185e-03
1.955942364384005185e-03
1.955942364384005185e-03
1.955942364384005185e-03
1.955942364384005185e-03
1.955942364384005185e-03
1.955942364384005185e-03
1.955942364384005185e-03
1.955942364384005185e-03
1.955942364384005185e-03
1.955942364384005185e-03
1.955942364384005185e-03
1.955942364384005185e-03
1.955942364384005185e-03
1.955942364384005185e-03
1.955942364384005185e-03
1.955942364384005185e-03
1.955942364384005185e-03
1.955942364384005185e-03
1.955942364384005185e-03
1.955942364384005185e-03
1.955942364384005185e-03
1.955942364384005185e-03
1.955942364384005185e-03
1.955942364384005185e-03
1.955942364384005185e-03
1.955942364384005185e-03
1.955942364384005185e-03
1.955942364384005185e-03
1.955942364384005185e-03
1.955942364384005185e-03
1.955942364384005185e-03
1.955942364384005185e-03
1.955942364384005185e-03
1.955942364384005185e-03
1.955942364384005185e-03
1.955942364384005185e-03
1.955942364384005185e-03
1.955942364384005185e-03
1.955942364384005185e-03
1.955942364384005185e-03
